receptor = ./importantStuff/6LU7.pdbqt
exhaustiveness  = 8
center_x = -25.9818
center_y = 12.5884
center_z = 59.1581
size_x = 51.373651319
size_y = 66.9738096428
size_z = 59.6069323921